CCSDS_OEM_VERS = 2.0


CREATION_DATE  = 2021-11-11T22:21:49Z
ORIGINATOR     = PLANET/USA

META_START
OBJECT_NAME          = Flock-2p-9
OBJECT_ID            = 0e26
CENTER_NAME          = Earth
REF_FRAME            = EME2000
TIME_SYSTEM          = UTC
START_TIME           = 2021-11-28T22:21:49.000Z
USEABLE_START_TIME   = 2021-11-28T22:21:49.000Z
USEABLE_STOP_TIME    = 2021-12-08T22:20:49.000Z
STOP_TIME            = 2021-12-08T22:20:49.000Z
INTERPOLATION        = Lagrange
INTERPOLATION_DEGREE = 5
META_STOP

2021-11-28T22:21:49.000Z   -2613.349676  -592.841186 -6326.486157   5.900331301  3.888111438 -2.807007417
2021-11-28T22:22:49.000Z   -2253.837644  -358.420727 -6480.819166   6.078993537  3.923034453 -2.335565677
2021-11-28T22:23:49.000Z   -1884.406791  -122.422541 -6606.551486   6.230842632  3.940685411 -1.853997670
2021-11-28T22:24:49.000Z   -1506.685632   114.114735 -6703.138279   6.355240402  3.940999464 -1.364400228
2021-11-28T22:25:49.000Z   -1122.337497   350.150771 -6770.161417   6.451664258  3.923984700 -0.868898632
2021-11-28T22:26:49.000Z    -733.053630   584.647855 -6807.330957   6.519706536  3.889720078 -0.369639738
2021-11-28T22:27:49.000Z    -340.546230   816.575131 -6814.486317   6.559077036  3.838355405  0.131212201
2021-11-28T22:28:49.000Z      53.458733  1044.912905 -6791.597099   6.569607550  3.770113192  0.631484070
2021-11-28T22:29:49.000Z     447.228868  1268.657006 -6738.763206   6.551251656  3.685287848  1.129007421
2021-11-28T22:30:49.000Z     839.032594  1486.822998 -6656.214324   6.504082851  3.584242310  1.621625680
2021-11-28T22:31:49.000Z    1227.146331  1698.450227 -6544.309001   6.428294066  3.467406288  2.107200818
2021-11-28T22:32:49.000Z    1609.861664  1902.605866 -6403.533393   6.324198456  3.335278153  2.583618921
2021-11-28T22:33:49.000Z    1985.492615  2098.389018 -6234.499430   6.192230208  3.188422615  3.048803500
2021-11-28T22:34:49.000Z    2352.382786  2284.934504 -6037.942322   6.032940775  3.027465331  3.500722352
2021-11-28T22:35:49.000Z    2708.912363  2461.416512 -5814.717719   5.846997772  2.853092715  3.937394587
2021-11-28T22:36:49.000Z    3053.504987  2627.052190 -5565.798406   5.635182064  2.666050038  4.356897242
2021-11-28T22:37:49.000Z    3384.634596  2781.105131 -5292.270644   5.398389356  2.467139850  4.757372784
2021-11-28T22:38:49.000Z    3700.832245  2922.888720 -4995.329882   5.137626918  2.257218756  5.137040621
2021-11-28T22:39:49.000Z    4000.692639  3051.769278 -4676.275907   4.854008575  2.037194058  5.494204667
2021-11-28T22:40:49.000Z    4282.880428  3167.168995 -4336.507546   4.548751245  1.808020202  5.827260841
2021-11-28T22:41:49.000Z    4546.136269  3268.568652 -3977.516930   4.223171088  1.570695173  6.134704412
2021-11-28T22:42:49.000Z    4789.282656  3355.510124 -3600.883282   3.878678753  1.326256714  6.415138489
2021-11-28T22:43:49.000Z    5011.229403  3427.598626 -3208.266233   3.516773401  1.075777723  6.667280560
2021-11-28T22:44:49.000Z    5210.978808  3484.504697 -2801.398767   3.139037806  0.820361948  6.889969305
2021-11-28T22:45:49.000Z    5387.630482  3525.965906 -2382.079731   2.747131631  0.561139117  7.082171816
2021-11-28T22:46:49.000Z    5540.385722  3551.788242 -1952.165940   2.342783422  0.299259376  7.242989366
2021-11-28T22:47:49.000Z    5668.551421  3561.847208 -1513.564005   1.927783377  0.035888830  7.371661822
2021-11-28T22:48:49.000Z    5771.543537  3556.088615 -1068.221848   1.503975339 -0.227795886  7.467572870
2021-11-28T22:49:49.000Z    5848.890068  3534.529049  -618.119970   1.073248851 -0.490613256  7.530253492
2021-11-28T22:50:49.000Z    5900.233542  3497.255983  -165.262491   0.637530385 -0.751382947  7.559386071

EPOCH = 2021-12-07T23:45:49.000Z
COV_REF_FRAME = RTN
 9.556529472658374e-03 
 0.000000000000000e+00  1.229061369770511e+03 
 0.000000000000000e+00  0.000000000000000e+00  6.696223376272170e-02 
 0.000000000000000e+00  0.000000000000000e+00  0.000000000000000e+00  0.000000000000000e+00 
 0.000000000000000e+00  0.000000000000000e+00  0.000000000000000e+00  0.000000000000000e+00  0.000000000000000e+00 
 0.000000000000000e+00  0.000000000000000e+00  0.000000000000000e+00  0.000000000000000e+00  0.000000000000000e+00  0.000000000000000e+00 
EPOCH = 2021-12-07T23:46:49.000Z
COV_REF_FRAME = RTN
 9.558126980870146e-03 
 0.000000000000000e+00  1.229415497202436e+03 
 0.000000000000000e+00  0.000000000000000e+00  6.697253241790893e-02 
 0.000000000000000e+00  0.000000000000000e+00  0.000000000000000e+00  0.000000000000000e+00 
 0.000000000000000e+00  0.000000000000000e+00  0.000000000000000e+00  0.000000000000000e+00  0.000000000000000e+00 
 0.000000000000000e+00  0.000000000000000e+00  0.000000000000000e+00  0.000000000000000e+00  0.000000000000000e+00  0.000000000000000e+00 
EPOCH = 2021-12-07T23:47:49.000Z
COV_REF_FRAME = RTN
 9.559724691973758e-03 
 0.000000000000000e+00  1.229769701027402e+03 
 0.000000000000000e+00  0.000000000000000e+00  6.698283198535053e-02 
 0.000000000000000e+00  0.000000000000000e+00  0.000000000000000e+00  0.000000000000000e+00 
 0.000000000000000e+00  0.000000000000000e+00  0.000000000000000e+00  0.000000000000000e+00  0.000000000000000e+00 
 0.000000000000000e+00  0.000000000000000e+00  0.000000000000000e+00  0.000000000000000e+00  0.000000000000000e+00  0.000000000000000e+00 
EPOCH = 2021-12-07T23:48:49.000Z
COV_REF_FRAME = RTN
 9.561322605986612e-03 
 0.000000000000000e+00  1.230123981256379e+03 
 0.000000000000000e+00  0.000000000000000e+00  6.699313246507431e-02 
 0.000000000000000e+00  0.000000000000000e+00  0.000000000000000e+00  0.000000000000000e+00 
 0.000000000000000e+00  0.000000000000000e+00  0.000000000000000e+00  0.000000000000000e+00  0.000000000000000e+00 
 0.000000000000000e+00  0.000000000000000e+00  0.000000000000000e+00  0.000000000000000e+00  0.000000000000000e+00  0.000000000000000e+00 
EPOCH = 2021-12-07T23:49:49.000Z
COV_REF_FRAME = RTN
 9.562920722926102e-03 
 0.000000000000000e+00  1.230478337900334e+03 
 0.000000000000000e+00  0.000000000000000e+00  6.700343385710798e-02 
 0.000000000000000e+00  0.000000000000000e+00  0.000000000000000e+00  0.000000000000000e+00 
 0.000000000000000e+00  0.000000000000000e+00  0.000000000000000e+00  0.000000000000000e+00  0.000000000000000e+00 
 0.000000000000000e+00  0.000000000000000e+00  0.000000000000000e+00  0.000000000000000e+00  0.000000000000000e+00  0.000000000000000e+00 
EPOCH = 2021-12-07T23:50:49.000Z
COV_REF_FRAME = RTN
 9.564519042809616e-03 
 0.000000000000000e+00  1.230832770970235e+03 
 0.000000000000000e+00  0.000000000000000e+00  6.701373616147936e-02 
 0.000000000000000e+00  0.000000000000000e+00  0.000000000000000e+00  0.000000000000000e+00 
 0.000000000000000e+00  0.000000000000000e+00  0.000000000000000e+00  0.000000000000000e+00  0.000000000000000e+00 
 0.000000000000000e+00  0.000000000000000e+00  0.000000000000000e+00  0.000000000000000e+00  0.000000000000000e+00  0.000000000000000e+00 
EPOCH = 2021-12-07T23:51:49.000Z
COV_REF_FRAME = RTN
 9.566117565654559e-03 
 0.000000000000000e+00  1.231187280477053e+03 
 0.000000000000000e+00  0.000000000000000e+00  6.702403937821620e-02 
 0.000000000000000e+00  0.000000000000000e+00  0.000000000000000e+00  0.000000000000000e+00 
 0.000000000000000e+00  0.000000000000000e+00  0.000000000000000e+00  0.000000000000000e+00  0.000000000000000e+00 
 0.000000000000000e+00  0.000000000000000e+00  0.000000000000000e+00  0.000000000000000e+00  0.000000000000000e+00  0.000000000000000e+00 
EPOCH = 2021-12-07T23:52:49.000Z
COV_REF_FRAME = RTN
 9.567716291478321e-03 
 0.000000000000000e+00  1.231541866431757e+03 
 0.000000000000000e+00  0.000000000000000e+00  6.703434350734620e-02 
 0.000000000000000e+00  0.000000000000000e+00  0.000000000000000e+00  0.000000000000000e+00 
 0.000000000000000e+00  0.000000000000000e+00  0.000000000000000e+00  0.000000000000000e+00  0.000000000000000e+00 
 0.000000000000000e+00  0.000000000000000e+00  0.000000000000000e+00  0.000000000000000e+00  0.000000000000000e+00  0.000000000000000e+00 
EPOCH = 2021-12-07T23:53:49.000Z
COV_REF_FRAME = RTN
 9.569315220298302e-03 
 0.000000000000000e+00  1.231896528845319e+03 
 0.000000000000000e+00  0.000000000000000e+00  6.704464854889718e-02 
 0.000000000000000e+00  0.000000000000000e+00  0.000000000000000e+00  0.000000000000000e+00 
 0.000000000000000e+00  0.000000000000000e+00  0.000000000000000e+00  0.000000000000000e+00  0.000000000000000e+00 
 0.000000000000000e+00  0.000000000000000e+00  0.000000000000000e+00  0.000000000000000e+00  0.000000000000000e+00  0.000000000000000e+00 
EPOCH = 2021-12-07T23:54:49.000Z
COV_REF_FRAME = RTN
 9.570914352131900e-03 
 0.000000000000000e+00  1.232251267728713e+03 
 0.000000000000000e+00  0.000000000000000e+00  6.705495450289689e-02 
 0.000000000000000e+00  0.000000000000000e+00  0.000000000000000e+00  0.000000000000000e+00 
 0.000000000000000e+00  0.000000000000000e+00  0.000000000000000e+00  0.000000000000000e+00  0.000000000000000e+00 
 0.000000000000000e+00  0.000000000000000e+00  0.000000000000000e+00  0.000000000000000e+00  0.000000000000000e+00  0.000000000000000e+00 
EPOCH = 2021-12-07T23:55:49.000Z
COV_REF_FRAME = RTN
 9.572513686996518e-03 
 0.000000000000000e+00  1.232606083092908e+03 
 0.000000000000000e+00  0.000000000000000e+00  6.706526136937309e-02 
 0.000000000000000e+00  0.000000000000000e+00  0.000000000000000e+00  0.000000000000000e+00 
 0.000000000000000e+00  0.000000000000000e+00  0.000000000000000e+00  0.000000000000000e+00  0.000000000000000e+00 
 0.000000000000000e+00  0.000000000000000e+00  0.000000000000000e+00  0.000000000000000e+00  0.000000000000000e+00  0.000000000000000e+00 
EPOCH = 2021-12-07T23:56:49.000Z
COV_REF_FRAME = RTN
 9.574113224909553e-03 
 0.000000000000000e+00  1.232960974948881e+03 
 0.000000000000000e+00  0.000000000000000e+00  6.707556914835361e-02 
 0.000000000000000e+00  0.000000000000000e+00  0.000000000000000e+00  0.000000000000000e+00 
 0.000000000000000e+00  0.000000000000000e+00  0.000000000000000e+00  0.000000000000000e+00  0.000000000000000e+00 
 0.000000000000000e+00  0.000000000000000e+00  0.000000000000000e+00  0.000000000000000e+00  0.000000000000000e+00  0.000000000000000e+00 
EPOCH = 2021-12-07T23:57:49.000Z
COV_REF_FRAME = RTN
 9.575712965888406e-03 
 0.000000000000000e+00  1.233315943307604e+03 
 0.000000000000000e+00  0.000000000000000e+00  6.708587783986608e-02 
 0.000000000000000e+00  0.000000000000000e+00  0.000000000000000e+00  0.000000000000000e+00 
 0.000000000000000e+00  0.000000000000000e+00  0.000000000000000e+00  0.000000000000000e+00  0.000000000000000e+00 
 0.000000000000000e+00  0.000000000000000e+00  0.000000000000000e+00  0.000000000000000e+00  0.000000000000000e+00  0.000000000000000e+00 
EPOCH = 2021-12-07T23:58:49.000Z
COV_REF_FRAME = RTN
 9.577312909950477e-03 
 0.000000000000000e+00  1.233670988180053e+03 
 0.000000000000000e+00  0.000000000000000e+00  6.709618744393836e-02 
 0.000000000000000e+00  0.000000000000000e+00  0.000000000000000e+00  0.000000000000000e+00 
 0.000000000000000e+00  0.000000000000000e+00  0.000000000000000e+00  0.000000000000000e+00  0.000000000000000e+00 
 0.000000000000000e+00  0.000000000000000e+00  0.000000000000000e+00  0.000000000000000e+00  0.000000000000000e+00  0.000000000000000e+00 
EPOCH = 2021-12-07T23:59:49.000Z
COV_REF_FRAME = RTN
 9.578913057113165e-03 
 0.000000000000000e+00  1.234026109577204e+03 
 0.000000000000000e+00  0.000000000000000e+00  6.710649796059820e-02 
 0.000000000000000e+00  0.000000000000000e+00  0.000000000000000e+00  0.000000000000000e+00 
 0.000000000000000e+00  0.000000000000000e+00  0.000000000000000e+00  0.000000000000000e+00  0.000000000000000e+00 
 0.000000000000000e+00  0.000000000000000e+00  0.000000000000000e+00  0.000000000000000e+00  0.000000000000000e+00  0.000000000000000e+00 
EPOCH = 2021-12-08T00:00:49.000Z
COV_REF_FRAME = RTN
 9.580513407393881e-03 
 0.000000000000000e+00  1.234381307510034e+03 
 0.000000000000000e+00  0.000000000000000e+00  6.711680938987337e-02 
 0.000000000000000e+00  0.000000000000000e+00  0.000000000000000e+00  0.000000000000000e+00 
 0.000000000000000e+00  0.000000000000000e+00  0.000000000000000e+00  0.000000000000000e+00  0.000000000000000e+00 
 0.000000000000000e+00  0.000000000000000e+00  0.000000000000000e+00  0.000000000000000e+00  0.000000000000000e+00  0.000000000000000e+00 
EPOCH = 2021-12-08T00:01:49.000Z
COV_REF_FRAME = RTN
 9.582113960810025e-03 
 0.000000000000000e+00  1.234736581989520e+03 
 0.000000000000000e+00  0.000000000000000e+00  6.712712173179160e-02 
 0.000000000000000e+00  0.000000000000000e+00  0.000000000000000e+00  0.000000000000000e+00 
 0.000000000000000e+00  0.000000000000000e+00  0.000000000000000e+00  0.000000000000000e+00  0.000000000000000e+00 
 0.000000000000000e+00  0.000000000000000e+00  0.000000000000000e+00  0.000000000000000e+00  0.000000000000000e+00  0.000000000000000e+00 
EPOCH = 2021-12-08T00:02:49.000Z
COV_REF_FRAME = RTN
 9.583714717379005e-03 
 0.000000000000000e+00  1.235091933026641e+03 
 0.000000000000000e+00  0.000000000000000e+00  6.713743498638072e-02 
 0.000000000000000e+00  0.000000000000000e+00  0.000000000000000e+00  0.000000000000000e+00 
 0.000000000000000e+00  0.000000000000000e+00  0.000000000000000e+00  0.000000000000000e+00  0.000000000000000e+00 
 0.000000000000000e+00  0.000000000000000e+00  0.000000000000000e+00  0.000000000000000e+00  0.000000000000000e+00  0.000000000000000e+00 
EPOCH = 2021-12-08T00:03:49.000Z
COV_REF_FRAME = RTN
 9.585315677118216e-03 
 0.000000000000000e+00  1.235447360632375e+03 
 0.000000000000000e+00  0.000000000000000e+00  6.714774915366843e-02 
 0.000000000000000e+00  0.000000000000000e+00  0.000000000000000e+00  0.000000000000000e+00 
 0.000000000000000e+00  0.000000000000000e+00  0.000000000000000e+00  0.000000000000000e+00  0.000000000000000e+00 
 0.000000000000000e+00  0.000000000000000e+00  0.000000000000000e+00  0.000000000000000e+00  0.000000000000000e+00  0.000000000000000e+00 
EPOCH = 2021-12-08T00:04:49.000Z
COV_REF_FRAME = RTN
 9.586916840045076e-03 
 0.000000000000000e+00  1.235802864817704e+03 
 0.000000000000000e+00  0.000000000000000e+00  6.715806423368254e-02 
 0.000000000000000e+00  0.000000000000000e+00  0.000000000000000e+00  0.000000000000000e+00 
 0.000000000000000e+00  0.000000000000000e+00  0.000000000000000e+00  0.000000000000000e+00  0.000000000000000e+00 
 0.000000000000000e+00  0.000000000000000e+00  0.000000000000000e+00  0.000000000000000e+00  0.000000000000000e+00  0.000000000000000e+00 
EPOCH = 2021-12-08T00:05:49.000Z
COV_REF_FRAME = RTN
 9.588518206176984e-03 
 0.000000000000000e+00  1.236158445593607e+03 
 0.000000000000000e+00  0.000000000000000e+00  6.716838022645077e-02 
 0.000000000000000e+00  0.000000000000000e+00  0.000000000000000e+00  0.000000000000000e+00 
 0.000000000000000e+00  0.000000000000000e+00  0.000000000000000e+00  0.000000000000000e+00  0.000000000000000e+00 
 0.000000000000000e+00  0.000000000000000e+00  0.000000000000000e+00  0.000000000000000e+00  0.000000000000000e+00  0.000000000000000e+00 
EPOCH = 2021-12-08T00:06:49.000Z
COV_REF_FRAME = RTN
 9.590119775531349e-03 
 0.000000000000000e+00  1.236514102971065e+03 
 0.000000000000000e+00  0.000000000000000e+00  6.717869713200098e-02 
 0.000000000000000e+00  0.000000000000000e+00  0.000000000000000e+00  0.000000000000000e+00 
 0.000000000000000e+00  0.000000000000000e+00  0.000000000000000e+00  0.000000000000000e+00  0.000000000000000e+00 
 0.000000000000000e+00  0.000000000000000e+00  0.000000000000000e+00  0.000000000000000e+00  0.000000000000000e+00  0.000000000000000e+00 
EPOCH = 2021-12-08T00:07:49.000Z
COV_REF_FRAME = RTN
 9.591721548125584e-03 
 0.000000000000000e+00  1.236869836961061e+03 
 0.000000000000000e+00  0.000000000000000e+00  6.718901495036084e-02 
 0.000000000000000e+00  0.000000000000000e+00  0.000000000000000e+00  0.000000000000000e+00 
 0.000000000000000e+00  0.000000000000000e+00  0.000000000000000e+00  0.000000000000000e+00  0.000000000000000e+00 
 0.000000000000000e+00  0.000000000000000e+00  0.000000000000000e+00  0.000000000000000e+00  0.000000000000000e+00  0.000000000000000e+00 
EPOCH = 2021-12-08T00:08:49.000Z
COV_REF_FRAME = RTN
 9.593323523977088e-03 
 0.000000000000000e+00  1.237225647574579e+03 
 0.000000000000000e+00  0.000000000000000e+00  6.719933368155814e-02 
 0.000000000000000e+00  0.000000000000000e+00  0.000000000000000e+00  0.000000000000000e+00 
 0.000000000000000e+00  0.000000000000000e+00  0.000000000000000e+00  0.000000000000000e+00  0.000000000000000e+00 
 0.000000000000000e+00  0.000000000000000e+00  0.000000000000000e+00  0.000000000000000e+00  0.000000000000000e+00  0.000000000000000e+00 
EPOCH = 2021-12-08T00:09:49.000Z
COV_REF_FRAME = RTN
 9.594925703103283e-03 
 0.000000000000000e+00  1.237581534822601e+03 
 0.000000000000000e+00  0.000000000000000e+00  6.720965332562068e-02 
 0.000000000000000e+00  0.000000000000000e+00  0.000000000000000e+00  0.000000000000000e+00 
 0.000000000000000e+00  0.000000000000000e+00  0.000000000000000e+00  0.000000000000000e+00  0.000000000000000e+00 
 0.000000000000000e+00  0.000000000000000e+00  0.000000000000000e+00  0.000000000000000e+00  0.000000000000000e+00  0.000000000000000e+00 

